
 Node: 110
	Coordinates  : 0 0 0 
	Disps: 0 0 0 0 0 0 
	Velocities   : 0 0 0 0 0 0 
	commitAccels: 0 0 0 0 0 0 
	Mass : 
0 0 0 0 0 0 
0 0 0 0 0 0 
0 0 0 0 0 0 
0 0 0 0 0 0 
0 0 0 0 0 0 
0 0 0 0 0 0 

	 Rayleigh Factor: alphaM: 0
	 Rayleigh Forces: 0 0 0 0 0 0 
	 Eigenvectors: 
0 0 0 0 0 0 0 
0 0 0 0 0 0 0 
0 0 0 0 0 0 0 
0 0 0 0 0 0 0 
0 0 0 0 0 0 0 
0 0 0 0 0 0 0 

	ID : -1 -1 -1 -1 -1 -1 


 Node: 111
	Coordinates  : 0 0 3 
	Disps: 0 0 0 0 0 0 
	Velocities   : 0 0 0 0 0 0 
	commitAccels: 0 0 0 0 0 0 
	Mass : 
60 0 0 0 0 0 
0 60 0 0 0 0 
0 0 0 0 0 0 
0 0 0 0 0 0 
0 0 0 0 0 0 
0 0 0 0 0 0 

	 Rayleigh Factor: alphaM: 0
	 Rayleigh Forces: 0 0 0 0 0 0 
	 Eigenvectors: 
0.00821178 0.000444607 0.00881197 0.00377667 -0.0258428 0.0233927 -0.00852975 
0.000444607 -0.00821178 -0.00881197 -0.0258428 -0.00377667 -0.0233927 -0.0320919 
7.90268e-05 -7.09089e-05 -1.35525e-19 9.03863e-05 0.000121326 -2.04135e-19 -3.6033e-05 
-0.000226312 0.00417991 0.00399109 0.00788822 0.00115278 0.00638135 -0.00373793 
0.00417991 0.000226311 0.00399109 0.00115279 -0.00788822 0.00638135 0.000996269 
3.10183e-18 4.33681e-19 0.00176239 -1.04083e-17 1.38778e-17 0.00467853 4.33681e-18 

	ID : 93 94 95 96 97 98 


 Node: 112
	Coordinates  : 0 0 6 
	Disps: 0 0 0 0 0 0 
	Velocities   : 0 0 0 0 0 0 
	commitAccels: 0 0 0 0 0 0 
	Mass : 
60 0 0 0 0 0 
0 60 0 0 0 0 
0 0 0 0 0 0 
0 0 0 0 0 0 
0 0 0 0 0 0 
0 0 0 0 0 0 

	 Rayleigh Factor: alphaM: 0
	 Rayleigh Forces: 0 0 0 0 0 0 
	 Eigenvectors: 
0.0227785 0.00123329 0.0209969 0.00372119 -0.0254632 0.0198761 0.00665272 
0.00123329 -0.0227785 -0.0209969 -0.0254632 -0.00372119 -0.0198761 0.0250299 
0.000130697 -0.000117271 -2.71051e-19 0.000222334 0.000298441 -5.38713e-19 -0.000102971 
-0.000242614 0.004481 0.00327329 -0.00906173 -0.00132428 -0.00844203 -0.00860596 
0.004481 0.000242612 0.00327329 -0.00132428 0.00906173 -0.00844203 0.00232901 
6.7661e-18 -8.67362e-19 0.00419939 -8.67362e-18 8.67362e-18 0.00397522 -1.30104e-18 

	ID : 87 88 89 90 91 92 


 Node: 113
	Coordinates  : 0 0 9 
	Disps: 0 0 0 0 0 0 
	Velocities   : 0 0 0 0 0 0 
	commitAccels: 0 0 0 0 0 0 
	Mass : 
60 0 0 0 0 0 
0 60 0 0 0 0 
0 0 0 0 0 0 
0 0 0 0 0 0 
0 0 0 0 0 0 
0 0 0 0 0 0 

	 Rayleigh Factor: alphaM: 0
	 Rayleigh Forces: 0 0 0 0 0 0 
	 Eigenvectors: 
0.0355008 0.00192211 0.029502 -0.00326209 0.0223217 -0.0211332 -0.00229575 
0.00192211 -0.0355008 -0.029502 0.0223217 0.00326209 0.0211332 -0.00863742 
0.00015266 -0.000136978 -2.43945e-19 0.00030558 0.000410182 -6.77626e-19 -0.000234484 
-0.000188439 0.00348035 0.00214926 -0.0163565 -0.00239037 -0.0133899 0.017879 
0.00348035 0.000188431 0.00214926 -0.00239032 0.0163565 -0.0133899 -0.00472918 
2.48689e-18 -6.07153e-18 0.0059004 -2.60209e-18 -7.80626e-18 -0.00422665 1.51788e-18 

	ID : 75 76 77 78 79 80 


 Node: 120
	Coordinates  : 0 5 0 
	Disps: 0 0 0 0 0 0 
	Velocities   : 0 0 0 0 0 0 
	commitAccels: 0 0 0 0 0 0 
	Mass : 
0 0 0 0 0 0 
0 0 0 0 0 0 
0 0 0 0 0 0 
0 0 0 0 0 0 
0 0 0 0 0 0 
0 0 0 0 0 0 

	 Rayleigh Factor: alphaM: 0
	 Rayleigh Forces: 0 0 0 0 0 0 
	 Eigenvectors: 
0 0 0 0 0 0 0 
0 0 0 0 0 0 0 
0 0 0 0 0 0 0 
0 0 0 0 0 0 0 
0 0 0 0 0 0 0 
0 0 0 0 0 0 0 

	ID : -1 -1 -1 -1 -1 -1 


 Node: 121
	Coordinates  : 0 5 3 
	Disps: 0 0 0 0 0 0 
	Velocities   : 0 0 0 0 0 0 
	commitAccels: 0 0 0 0 0 0 
	Mass : 
60 0 0 0 0 0 
0 60 0 0 0 0 
0 0 0 0 0 0 
0 0 0 0 0 0 
0 0 0 0 0 0 
0 0 0 0 0 0 

	 Rayleigh Factor: alphaM: 0
	 Rayleigh Forces: 0 0 0 0 0 0 
	 Eigenvectors: 
0.00821178 0.000444607 -8.67362e-18 0.00377667 -0.0258428 3.1225e-17 -0.00852975 
0.000444607 -0.00821178 -0.00881197 -0.0258428 -0.00377667 -0.0233927 -0.0320919 
7.49285e-05 4.05682e-06 -1.0842e-19 -1.54405e-05 0.000105655 -3.66765e-19 -7.20662e-06 
-0.00020898 0.00385981 0.00367677 0.00709259 0.00103651 0.00572298 -0.0037681 
0.00417982 0.000226306 5.63785e-18 0.0011529 -0.00788902 2.32019e-17 0.000989422 
3.10183e-18 4.33681e-19 0.00176239 -1.04083e-17 1.38778e-17 0.00467853 4.33681e-18 

	ID : 84 85 86 93 94 98 


 Node: 122
	Coordinates  : 0 5 6 
	Disps: 0 0 0 0 0 0 
	Velocities   : 0 0 0 0 0 0 
	commitAccels: 0 0 0 0 0 0 
	Mass : 
60 0 0 0 0 0 
0 60 0 0 0 0 
0 0 0 0 0 0 
0 0 0 0 0 0 
0 0 0 0 0 0 
0 0 0 0 0 0 

	 Rayleigh Factor: alphaM: 0
	 Rayleigh Forces: 0 0 0 0 0 0 
	 Eigenvectors: 
0.0227785 0.00123329 1.04083e-17 0.00372119 -0.0254632 7.97973e-17 0.00665272 
0.00123329 -0.0227785 -0.0209969 -0.0254632 -0.00372119 -0.0198761 0.0250299 
0.000123898 6.70815e-06 -2.03288e-19 -3.79806e-05 0.000259891 -8.67362e-19 -2.14815e-05 
-0.00023101 0.0042667 0.00312058 -0.00864691 -0.00126366 -0.00799272 -0.00703526 
0.00448108 0.000242617 -6.07153e-18 -0.00132424 0.00906141 -1.43115e-17 0.00229704 
6.7661e-18 -8.67362e-19 0.00419939 -8.67362e-18 8.67362e-18 0.00397522 -1.30104e-18 

	ID : 72 73 74 87 88 92 


 Node: 123
	Coordinates  : 0 5 9 
	Disps: 0 0 0 0 0 0 
	Velocities   : 0 0 0 0 0 0 
	commitAccels: 0 0 0 0 0 0 
	Mass : 
60 0 0 0 0 0 
0 60 0 0 0 0 
0 0 0 0 0 0 
0 0 0 0 0 0 
0 0 0 0 0 0 
0 0 0 0 0 0 

	 Rayleigh Factor: alphaM: 0
	 Rayleigh Forces: 0 0 0 0 0 0 
	 Eigenvectors: 
0.0355008 0.00192211 -3.46945e-17 -0.00326209 0.0223217 -8.67362e-17 -0.00229575 
0.00192211 -0.0355008 -0.029502 0.0223217 0.00326209 0.0211332 -0.00863742 
0.000144703 7.83461e-06 -2.98156e-19 -5.21929e-05 0.000357143 -1.34509e-18 -4.9166e-05 
-0.000162864 0.00300805 0.00187063 -0.0138775 -0.00202805 -0.0114492 0.0143353 
0.00348082 0.000188461 -2.60209e-18 -0.00239098 0.0163609 -7.32921e-17 -0.00477152 
2.48689e-18 -6.07153e-18 0.0059004 -2.60209e-18 -7.80626e-18 -0.00422665 1.51788e-18 

	ID : 54 55 56 75 76 80 


 Node: 130
	Coordinates  : 0 10 0 
	Disps: 0 0 0 0 0 0 
	Velocities   : 0 0 0 0 0 0 
	commitAccels: 0 0 0 0 0 0 
	Mass : 
0 0 0 0 0 0 
0 0 0 0 0 0 
0 0 0 0 0 0 
0 0 0 0 0 0 
0 0 0 0 0 0 
0 0 0 0 0 0 

	 Rayleigh Factor: alphaM: 0
	 Rayleigh Forces: 0 0 0 0 0 0 
	 Eigenvectors: 
0 0 0 0 0 0 0 
0 0 0 0 0 0 0 
0 0 0 0 0 0 0 
0 0 0 0 0 0 0 
0 0 0 0 0 0 0 
0 0 0 0 0 0 0 

	ID : -1 -1 -1 -1 -1 -1 


 Node: 131
	Coordinates  : 0 10 3 
	Disps: 0 0 0 0 0 0 
	Velocities   : 0 0 0 0 0 0 
	commitAccels: 0 0 0 0 0 0 
	Mass : 
60 0 0 0 0 0 
0 60 0 0 0 0 
0 0 0 0 0 0 
0 0 0 0 0 0 
0 0 0 0 0 0 
0 0 0 0 0 0 

	 Rayleigh Factor: alphaM: 0
	 Rayleigh Forces: 0 0 0 0 0 0 
	 Eigenvectors: 
0.00821178 0.000444607 -0.00881197 0.00377667 -0.0258428 -0.0233927 -0.00852975 
0.000444607 -0.00821178 -0.00881197 -0.0258428 -0.00377667 -0.0233927 -0.0320919 
7.09089e-05 7.90268e-05 -3.52366e-19 -0.000121326 9.03863e-05 -5.81912e-19 2.14794e-05 
-0.000226311 0.00417991 0.00399109 0.00788822 0.00115279 0.00638135 -0.00372945 
0.00417991 0.000226312 -0.00399109 0.00115278 -0.00788822 -0.00638135 0.00097358 
3.10183e-18 4.33681e-19 0.00176239 -1.04083e-17 1.38778e-17 0.00467853 4.33681e-18 

	ID : 66 67 68 93 94 98 


 Node: 132
	Coordinates  : 0 10 6 
	Disps: 0 0 0 0 0 0 
	Velocities   : 0 0 0 0 0 0 
	commitAccels: 0 0 0 0 0 0 
	Mass : 
60 0 0 0 0 0 
0 60 0 0 0 0 
0 0 0 0 0 0 
0 0 0 0 0 0 
0 0 0 0 0 0 
0 0 0 0 0 0 

	 Rayleigh Factor: alphaM: 0
	 Rayleigh Forces: 0 0 0 0 0 0 
	 Eigenvectors: 
0.0227785 0.00123329 -0.0209969 0.00372119 -0.0254632 -0.0198761 0.00665272 
0.00123329 -0.0227785 -0.0209969 -0.0254632 -0.00372119 -0.0198761 0.0250299 
0.000117271 0.000130697 -5.42101e-19 -0.000298441 0.000222334 -1.2858e-18 6.00052e-05 
-0.000242612 0.004481 0.00327329 -0.00906173 -0.00132428 -0.00844203 -0.00861029 
0.004481 0.000242614 -0.00327329 -0.00132428 0.00906173 0.00844203 0.00229237 
6.7661e-18 -8.67362e-19 0.00419939 -8.67362e-18 8.67362e-18 0.00397522 -1.30104e-18 

	ID : 48 49 50 87 88 92 


 Node: 133
	Coordinates  : 0 10 9 
	Disps: 0 0 0 0 0 0 
	Velocities   : 0 0 0 0 0 0 
	commitAccels: 0 0 0 0 0 0 
	Mass : 
60 0 0 0 0 0 
0 60 0 0 0 0 
0 0 0 0 0 0 
0 0 0 0 0 0 
0 0 0 0 0 0 
0 0 0 0 0 0 

	 Rayleigh Factor: alphaM: 0
	 Rayleigh Forces: 0 0 0 0 0 0 
	 Eigenvectors: 
0.0355008 0.00192211 -0.029502 -0.00326209 0.0223217 0.0211332 -0.00229575 
0.00192211 -0.0355008 -0.029502 0.0223217 0.00326209 0.0211332 -0.00863742 
0.000136978 0.00015266 -6.50521e-19 -0.000410182 0.00030558 -1.73472e-18 0.000135608 
-0.000188431 0.00348035 0.00214926 -0.0163565 -0.00239032 -0.0133899 0.017895 
0.00348035 0.000188439 -0.00214926 -0.00239037 0.0163565 0.0133899 -0.00475449 
2.48689e-18 -6.07153e-18 0.0059004 -2.60209e-18 -7.80626e-18 -0.00422665 1.51788e-18 

	ID : 30 31 32 75 76 80 


 Node: 210
	Coordinates  : 5 0 0 
	Disps: 0 0 0 0 0 0 
	Velocities   : 0 0 0 0 0 0 
	commitAccels: 0 0 0 0 0 0 
	Mass : 
0 0 0 0 0 0 
0 0 0 0 0 0 
0 0 0 0 0 0 
0 0 0 0 0 0 
0 0 0 0 0 0 
0 0 0 0 0 0 

	 Rayleigh Factor: alphaM: 0
	 Rayleigh Forces: 0 0 0 0 0 0 
	 Eigenvectors: 
0 0 0 0 0 0 0 
0 0 0 0 0 0 0 
0 0 0 0 0 0 0 
0 0 0 0 0 0 0 
0 0 0 0 0 0 0 
0 0 0 0 0 0 0 

	ID : -1 -1 -1 -1 -1 -1 


 Node: 211
	Coordinates  : 5 0 3 
	Disps: 0 0 0 0 0 0 
	Velocities   : 0 0 0 0 0 0 
	commitAccels: 0 0 0 0 0 0 
	Mass : 
60 0 0 0 0 0 
0 60 0 0 0 0 
0 0 0 0 0 0 
0 0 0 0 0 0 
0 0 0 0 0 0 
0 0 0 0 0 0 

	 Rayleigh Factor: alphaM: 0
	 Rayleigh Forces: 0 0 0 0 0 0 
	 Eigenvectors: 
0.00821178 0.000444607 0.00881197 0.00377667 -0.0258428 0.0233927 -0.00852975 
0.000444607 -0.00821178 -2.60209e-17 -0.0258428 -0.00377667 -1.04083e-17 -0.0320919 
4.05682e-06 -7.49285e-05 5.42101e-20 0.000105655 1.54405e-05 1.10326e-19 -2.85671e-05 
-0.000226306 0.00417982 1.30104e-17 0.00788902 0.0011529 7.12863e-18 -0.0037352 
0.00385981 0.00020898 0.00367677 0.00103651 -0.00709259 0.00572298 0.00100097 
3.10183e-18 4.33681e-19 0.00176239 -1.04083e-17 1.38778e-17 0.00467853 4.33681e-18 

	ID : 81 82 83 93 94 98 


 Node: 212
	Coordinates  : 5 0 6 
	Disps: 0 0 0 0 0 0 
	Velocities   : 0 0 0 0 0 0 
	commitAccels: 0 0 0 0 0 0 
	Mass : 
60 0 0 0 0 0 
0 60 0 0 0 0 
0 0 0 0 0 0 
0 0 0 0 0 0 
0 0 0 0 0 0 
0 0 0 0 0 0 

	 Rayleigh Factor: alphaM: 0
	 Rayleigh Forces: 0 0 0 0 0 0 
	 Eigenvectors: 
0.0227785 0.00123329 0.0209969 0.00372119 -0.0254632 0.0198761 0.00665272 
0.00123329 -0.0227785 -5.20417e-17 -0.0254632 -0.00372119 -2.08167e-17 0.0250299 
6.70815e-06 -0.000123898 3.25261e-19 0.000259891 3.79806e-05 1.24937e-19 -8.19074e-05 
-0.000242617 0.00448108 -3.46945e-18 -0.00906141 -0.00132424 -8.45678e-18 -0.00861298 
0.0042667 0.00023101 0.00312058 -0.00126366 0.00864691 -0.00799272 0.00186719 
6.7661e-18 -8.67362e-19 0.00419939 -8.67362e-18 8.67362e-18 0.00397522 -1.30104e-18 

	ID : 69 70 71 87 88 92 


 Node: 213
	Coordinates  : 5 0 9 
	Disps: 0 0 0 0 0 0 
	Velocities   : 0 0 0 0 0 0 
	commitAccels: 0 0 0 0 0 0 
	Mass : 
60 0 0 0 0 0 
0 60 0 0 0 0 
0 0 0 0 0 0 
0 0 0 0 0 0 
0 0 0 0 0 0 
0 0 0 0 0 0 

	 Rayleigh Factor: alphaM: 0
	 Rayleigh Forces: 0 0 0 0 0 0 
	 Eigenvectors: 
0.0355008 0.00192211 0.029502 -0.00326209 0.0223217 -0.0211332 -0.00229575 
0.00192211 -0.0355008 -1.38778e-17 0.0223217 0.00326209 3.81639e-17 -0.00863742 
7.83461e-06 -0.000144703 2.71051e-19 0.000357143 5.21929e-05 3.72694e-19 -0.000185508 
-0.000188461 0.00348082 -2.08167e-17 -0.0163609 -0.00239098 -1.63715e-17 0.017915 
0.00300805 0.000162864 0.00187063 -0.00202805 0.0138775 -0.0114492 -0.00380894 
2.48689e-18 -6.07153e-18 0.0059004 -2.60209e-18 -7.80626e-18 -0.00422665 1.51788e-18 

	ID : 51 52 53 75 76 80 


 Node: 220
	Coordinates  : 5 5 0 
	Disps: 0 0 0 0 0 0 
	Velocities   : 0 0 0 0 0 0 
	commitAccels: 0 0 0 0 0 0 
	Mass : 
0 0 0 0 0 0 
0 0 0 0 0 0 
0 0 0 0 0 0 
0 0 0 0 0 0 
0 0 0 0 0 0 
0 0 0 0 0 0 

	 Rayleigh Factor: alphaM: 0
	 Rayleigh Forces: 0 0 0 0 0 0 
	 Eigenvectors: 
0 0 0 0 0 0 0 
0 0 0 0 0 0 0 
0 0 0 0 0 0 0 
0 0 0 0 0 0 0 
0 0 0 0 0 0 0 
0 0 0 0 0 0 0 

	ID : -1 -1 -1 -1 -1 -1 


 Node: 221
	Coordinates  : 5 5 3 
	Disps: 0 0 0 0 0 0 
	Velocities   : 0 0 0 0 0 0 
	commitAccels: 0 0 0 0 0 0 
	Mass : 
60 0 0 0 0 0 
0 60 0 0 0 0 
0 0 0 0 0 0 
0 0 0 0 0 0 
0 0 0 0 0 0 
0 0 0 0 0 0 

	 Rayleigh Factor: alphaM: 0
	 Rayleigh Forces: 0 0 0 0 0 0 
	 Eigenvectors: 
0.00821995 0.000445049 -8.67362e-18 0.00377375 -0.0258228 3.03577e-17 -0.00851449 
0.000445049 -0.00821995 -2.77556e-17 -0.0258228 -0.00377375 -8.89046e-18 -0.0320346 
-1.86051e-20 -4.51382e-21 -6.41128e-20 2.3663e-20 1.65657e-19 2.18255e-20 8.23059e-08 
-0.00020911 0.0038622 1.30104e-17 0.00706298 0.00103218 6.26127e-18 -0.0037189 
0.0038622 0.00020911 4.33681e-19 0.00103218 -0.00706298 2.13588e-17 0.000999027 
1.26886e-18 -4.33681e-19 0.00112645 -2.27682e-18 1.73472e-18 0.000660182 -2.16292e-07 

	ID : 60 61 62 63 64 65 


 Node: 222
	Coordinates  : 5 5 6 
	Disps: 0 0 0 0 0 0 
	Velocities   : 0 0 0 0 0 0 
	commitAccels: 0 0 0 0 0 0 
	Mass : 
60 0 0 0 0 0 
0 60 0 0 0 0 
0 0 0 0 0 0 
0 0 0 0 0 0 
0 0 0 0 0 0 
0 0 0 0 0 0 

	 Rayleigh Factor: alphaM: 0
	 Rayleigh Forces: 0 0 0 0 0 0 
	 Eigenvectors: 
0.022784 0.00123358 0 0.00370333 -0.025341 7.80626e-17 0.0066157 
0.00123358 -0.022784 -4.85723e-17 -0.025341 -0.00370333 -1.53957e-17 0.0248906 
-2.90008e-20 7.43016e-21 -9.82971e-20 -2.44757e-20 1.65672e-19 4.25132e-20 7.87351e-08 
-0.000230698 0.00426093 -5.20417e-18 -0.00862999 -0.00126119 -4.06576e-18 -0.00701343 
0.00426093 0.000230698 8.67362e-19 -0.00126119 0.00862999 -1.78893e-17 0.00187004 
2.19212e-18 -1.73472e-18 0.0021308 -2.71051e-18 4.98733e-18 0.00054884 1.8221e-06 

	ID : 42 43 44 45 46 47 


 Node: 223
	Coordinates  : 5 5 9 
	Disps: 0 0 0 0 0 0 
	Velocities   : 0 0 0 0 0 0 
	commitAccels: 0 0 0 0 0 0 
	Mass : 
60 0 0 0 0 0 
0 60 0 0 0 0 
0 0 0 0 0 0 
0 0 0 0 0 0 
0 0 0 0 0 0 
0 0 0 0 0 0 

	 Rayleigh Factor: alphaM: 0
	 Rayleigh Forces: 0 0 0 0 0 0 
	 Eigenvectors: 
0.0354747 0.00192069 -4.16334e-17 -0.00324599 0.0222115 -8.6953e-17 -0.00227463 
0.00192069 -0.0354747 -1.73472e-17 0.0222115 0.00324599 3.8706e-17 -0.00855798 
-6.73256e-20 9.41884e-21 -1.58665e-19 -4.76778e-21 3.0155e-19 8.01762e-20 1.56824e-07 
-0.000162343 0.00299844 -6.93889e-18 -0.0137973 -0.00201634 -1.8323e-17 0.0142616 
0.00299844 0.000162343 -1.47451e-17 -0.00201634 0.0137973 -5.29091e-17 -0.00377691 
2.18535e-18 -2.1684e-18 0.00273799 -3.33392e-18 3.11708e-19 -0.000220366 -1.02497e-07 

	ID : 24 25 26 27 28 29 


 Node: 230
	Coordinates  : 5 10 0 
	Disps: 0 0 0 0 0 0 
	Velocities   : 0 0 0 0 0 0 
	commitAccels: 0 0 0 0 0 0 
	Mass : 
0 0 0 0 0 0 
0 0 0 0 0 0 
0 0 0 0 0 0 
0 0 0 0 0 0 
0 0 0 0 0 0 
0 0 0 0 0 0 

	 Rayleigh Factor: alphaM: 0
	 Rayleigh Forces: 0 0 0 0 0 0 
	 Eigenvectors: 
0 0 0 0 0 0 0 
0 0 0 0 0 0 0 
0 0 0 0 0 0 0 
0 0 0 0 0 0 0 
0 0 0 0 0 0 0 
0 0 0 0 0 0 0 

	ID : -1 -1 -1 -1 -1 -1 


 Node: 231
	Coordinates  : 5 10 3 
	Disps: 0 0 0 0 0 0 
	Velocities   : 0 0 0 0 0 0 
	commitAccels: 0 0 0 0 0 0 
	Mass : 
60 0 0 0 0 0 
0 60 0 0 0 0 
0 0 0 0 0 0 
0 0 0 0 0 0 
0 0 0 0 0 0 
0 0 0 0 0 0 

	 Rayleigh Factor: alphaM: 0
	 Rayleigh Forces: 0 0 0 0 0 0 
	 Eigenvectors: 
0.00821178 0.000444607 -0.00881197 0.00377667 -0.0258428 -0.0233927 -0.00852975 
0.000444607 -0.00821178 -2.60209e-17 -0.0258428 -0.00377667 -1.04083e-17 -0.0320919 
-4.05682e-06 7.49285e-05 -5.42101e-20 -0.000105655 -1.54405e-05 -7.07273e-20 2.94724e-05 
-0.000226306 0.00417982 1.21431e-17 0.00788902 0.0011529 7.26415e-18 -0.00374217 
0.00385981 0.00020898 -0.00367677 0.00103651 -0.00709259 -0.00572298 0.00105047 
3.10183e-18 4.33681e-19 0.00176239 -1.04083e-17 1.38778e-17 0.00467853 4.33681e-18 

	ID : 36 37 38 93 94 98 


 Node: 232
	Coordinates  : 5 10 6 
	Disps: 0 0 0 0 0 0 
	Velocities   : 0 0 0 0 0 0 
	commitAccels: 0 0 0 0 0 0 
	Mass : 
60 0 0 0 0 0 
0 60 0 0 0 0 
0 0 0 0 0 0 
0 0 0 0 0 0 
0 0 0 0 0 0 
0 0 0 0 0 0 

	 Rayleigh Factor: alphaM: 0
	 Rayleigh Forces: 0 0 0 0 0 0 
	 Eigenvectors: 
0.0227785 0.00123329 -0.0209969 0.00372119 -0.0254632 -0.0198761 0.00665272 
0.00123329 -0.0227785 -5.20417e-17 -0.0254632 -0.00372119 -2.08167e-17 0.0250299 
-6.70815e-06 0.000123898 -1.6263e-19 -0.000259891 -3.79806e-05 -2.93497e-19 8.31085e-05 
-0.000242617 0.00448108 0 -0.00906141 -0.00132424 -8.89046e-18 -0.0086108 
0.0042667 0.00023101 -0.00312058 -0.00126366 0.00864691 0.00799272 0.0018491 
6.7661e-18 -8.67362e-19 0.00419939 -8.67362e-18 8.67362e-18 0.00397522 -1.30104e-18 

	ID : 18 19 20 87 88 92 


 Node: 233
	Coordinates  : 5 10 9 
	Disps: 0 0 0 0 0 0 
	Velocities   : 0 0 0 0 0 0 
	commitAccels: 0 0 0 0 0 0 
	Mass : 
60 0 0 0 0 0 
0 60 0 0 0 0 
0 0 0 0 0 0 
0 0 0 0 0 0 
0 0 0 0 0 0 
0 0 0 0 0 0 

	 Rayleigh Factor: alphaM: 0
	 Rayleigh Forces: 0 0 0 0 0 0 
	 Eigenvectors: 
0.0355008 0.00192211 -0.029502 -0.00326209 0.0223217 0.0211332 -0.00229575 
0.00192211 -0.0355008 -1.38778e-17 0.0223217 0.00326209 3.81639e-17 -0.00863742 
-7.83461e-06 0.000144703 -2.71051e-19 -0.000357143 -5.21929e-05 -4.46386e-19 0.000187145 
-0.000188461 0.00348082 -1.73472e-17 -0.0163609 -0.00239098 -2.15756e-17 0.0179183 
0.00300805 0.000162864 -0.00187063 -0.00202805 0.0138775 0.0114492 -0.00381802 
2.48689e-18 -6.07153e-18 0.0059004 -2.60209e-18 -7.80626e-18 -0.00422665 1.51788e-18 

	ID : 9 10 11 75 76 80 


 Node: 310
	Coordinates  : 10 0 0 
	Disps: 0 0 0 0 0 0 
	Velocities   : 0 0 0 0 0 0 
	commitAccels: 0 0 0 0 0 0 
	Mass : 
0 0 0 0 0 0 
0 0 0 0 0 0 
0 0 0 0 0 0 
0 0 0 0 0 0 
0 0 0 0 0 0 
0 0 0 0 0 0 

	 Rayleigh Factor: alphaM: 0
	 Rayleigh Forces: 0 0 0 0 0 0 
	 Eigenvectors: 
0 0 0 0 0 0 0 
0 0 0 0 0 0 0 
0 0 0 0 0 0 0 
0 0 0 0 0 0 0 
0 0 0 0 0 0 0 
0 0 0 0 0 0 0 

	ID : -1 -1 -1 -1 -1 -1 


 Node: 311
	Coordinates  : 10 0 3 
	Disps: 0 0 0 0 0 0 
	Velocities   : 0 0 0 0 0 0 
	commitAccels: 0 0 0 0 0 0 
	Mass : 
60 0 0 0 0 0 
0 60 0 0 0 0 
0 0 0 0 0 0 
0 0 0 0 0 0 
0 0 0 0 0 0 
0 0 0 0 0 0 

	 Rayleigh Factor: alphaM: 0
	 Rayleigh Forces: 0 0 0 0 0 0 
	 Eigenvectors: 
0.00821178 0.000444607 0.00881197 0.00377667 -0.0258428 0.0233927 -0.00852975 
0.000444607 -0.00821178 0.00881197 -0.0258428 -0.00377667 0.0233927 -0.0320919 
-7.09089e-05 -7.90268e-05 2.43945e-19 0.000121326 -9.03863e-05 4.06576e-19 -2.1637e-05 
-0.000226311 0.00417991 -0.00399109 0.00788822 0.00115279 -0.00638135 -0.00374162 
0.00417991 0.000226312 0.00399109 0.00115278 -0.00788822 0.00638135 0.00100622 
3.10183e-18 4.33681e-19 0.00176239 -1.04083e-17 1.38778e-17 0.00467853 4.33681e-18 

	ID : 57 58 59 93 94 98 


 Node: 312
	Coordinates  : 10 0 6 
	Disps: 0 0 0 0 0 0 
	Velocities   : 0 0 0 0 0 0 
	commitAccels: 0 0 0 0 0 0 
	Mass : 
60 0 0 0 0 0 
0 60 0 0 0 0 
0 0 0 0 0 0 
0 0 0 0 0 0 
0 0 0 0 0 0 
0 0 0 0 0 0 

	 Rayleigh Factor: alphaM: 0
	 Rayleigh Forces: 0 0 0 0 0 0 
	 Eigenvectors: 
0.0227785 0.00123329 0.0209969 0.00372119 -0.0254632 0.0198761 0.00665272 
0.00123329 -0.0227785 0.0209969 -0.0254632 -0.00372119 0.0198761 0.0250299 
-0.000117271 -0.000130697 4.33681e-19 0.000298441 -0.000222334 1.09098e-18 -6.11314e-05 
-0.000242612 0.004481 -0.00327329 -0.00906173 -0.00132428 0.00844203 -0.00861197 
0.004481 0.000242614 0.00327329 -0.00132428 0.00906173 -0.00844203 0.00227266 
6.7661e-18 -8.67362e-19 0.00419939 -8.67362e-18 8.67362e-18 0.00397522 -1.30104e-18 

	ID : 39 40 41 87 88 92 


 Node: 313
	Coordinates  : 10 0 9 
	Disps: 0 0 0 0 0 0 
	Velocities   : 0 0 0 0 0 0 
	commitAccels: 0 0 0 0 0 0 
	Mass : 
60 0 0 0 0 0 
0 60 0 0 0 0 
0 0 0 0 0 0 
0 0 0 0 0 0 
0 0 0 0 0 0 
0 0 0 0 0 0 

	 Rayleigh Factor: alphaM: 0
	 Rayleigh Forces: 0 0 0 0 0 0 
	 Eigenvectors: 
0.0355008 0.00192211 0.029502 -0.00326209 0.0223217 -0.0211332 -0.00229575 
0.00192211 -0.0355008 0.029502 0.0223217 0.00326209 -0.0211332 -0.00863742 
-0.000136978 -0.00015266 5.42101e-19 0.000410182 -0.00030558 1.57887e-18 -0.000137232 
-0.000188431 0.00348035 -0.00214926 -0.0163565 -0.00239032 0.0133899 0.0178641 
0.00348035 0.000188439 0.00214926 -0.00239037 0.0163565 -0.0133899 -0.00474432 
2.48689e-18 -6.07153e-18 0.0059004 -2.60209e-18 -7.80626e-18 -0.00422665 1.51788e-18 

	ID : 21 22 23 75 76 80 


 Node: 320
	Coordinates  : 10 5 0 
	Disps: 0 0 0 0 0 0 
	Velocities   : 0 0 0 0 0 0 
	commitAccels: 0 0 0 0 0 0 
	Mass : 
0 0 0 0 0 0 
0 0 0 0 0 0 
0 0 0 0 0 0 
0 0 0 0 0 0 
0 0 0 0 0 0 
0 0 0 0 0 0 

	 Rayleigh Factor: alphaM: 0
	 Rayleigh Forces: 0 0 0 0 0 0 
	 Eigenvectors: 
0 0 0 0 0 0 0 
0 0 0 0 0 0 0 
0 0 0 0 0 0 0 
0 0 0 0 0 0 0 
0 0 0 0 0 0 0 
0 0 0 0 0 0 0 

	ID : -1 -1 -1 -1 -1 -1 


 Node: 321
	Coordinates  : 10 5 3 
	Disps: 0 0 0 0 0 0 
	Velocities   : 0 0 0 0 0 0 
	commitAccels: 0 0 0 0 0 0 
	Mass : 
60 0 0 0 0 0 
0 60 0 0 0 0 
0 0 0 0 0 0 
0 0 0 0 0 0 
0 0 0 0 0 0 
0 0 0 0 0 0 

	 Rayleigh Factor: alphaM: 0
	 Rayleigh Forces: 0 0 0 0 0 0 
	 Eigenvectors: 
0.00821178 0.000444607 -8.67362e-18 0.00377667 -0.0258428 3.1225e-17 -0.00852975 
0.000444607 -0.00821178 0.00881197 -0.0258428 -0.00377667 0.0233927 -0.0320919 
-7.49285e-05 -4.05682e-06 1.28749e-19 1.54405e-05 -0.000105655 3.43048e-19 7.20714e-06 
-0.00020898 0.00385981 -0.00367677 0.00709259 0.00103651 -0.00572298 -0.00377475 
0.00417982 0.000226306 1.73472e-18 0.0011529 -0.00788902 2.30935e-17 0.000977238 
3.10183e-18 4.33681e-19 0.00176239 -1.04083e-17 1.38778e-17 0.00467853 4.33681e-18 

	ID : 33 34 35 93 94 98 


 Node: 322
	Coordinates  : 10 5 6 
	Disps: 0 0 0 0 0 0 
	Velocities   : 0 0 0 0 0 0 
	commitAccels: 0 0 0 0 0 0 
	Mass : 
60 0 0 0 0 0 
0 60 0 0 0 0 
0 0 0 0 0 0 
0 0 0 0 0 0 
0 0 0 0 0 0 
0 0 0 0 0 0 

	 Rayleigh Factor: alphaM: 0
	 Rayleigh Forces: 0 0 0 0 0 0 
	 Eigenvectors: 
0.0227785 0.00123329 1.04083e-17 0.00372119 -0.0254632 7.97973e-17 0.00665272 
0.00123329 -0.0227785 0.0209969 -0.0254632 -0.00372119 0.0198761 0.0250299 
-0.000123898 -6.70815e-06 2.98156e-19 3.79806e-05 -0.000259891 7.96211e-19 2.11897e-05 
-0.00023101 0.0042667 -0.00312058 -0.00864691 -0.00126366 0.00799272 -0.00705088 
0.00448108 0.000242617 -4.33681e-19 -0.00132424 0.00906141 -1.51788e-17 0.00226487 
6.7661e-18 -8.67362e-19 0.00419939 -8.67362e-18 8.67362e-18 0.00397522 -1.30104e-18 

	ID : 15 16 17 87 88 92 


 Node: 323
	Coordinates  : 10 5 9 
	Disps: 0 0 0 0 0 0 
	Velocities   : 0 0 0 0 0 0 
	commitAccels: 0 0 0 0 0 0 
	Mass : 
60 0 0 0 0 0 
0 60 0 0 0 0 
0 0 0 0 0 0 
0 0 0 0 0 0 
0 0 0 0 0 0 
0 0 0 0 0 0 

	 Rayleigh Factor: alphaM: 0
	 Rayleigh Forces: 0 0 0 0 0 0 
	 Eigenvectors: 
0.0355008 0.00192211 -3.46945e-17 -0.00326209 0.0223217 -8.67362e-17 -0.00229575 
0.00192211 -0.0355008 0.029502 0.0223217 0.00326209 -0.0211332 -0.00863742 
-0.000144703 -7.83461e-06 4.60786e-19 5.21929e-05 -0.000357143 1.1994e-18 4.87064e-05 
-0.000162864 0.00300805 -0.00187063 -0.0138775 -0.00202805 0.0114492 0.0143343 
0.00348082 0.000188461 -1.30104e-17 -0.00239098 0.0163609 -6.85216e-17 -0.00474077 
2.48689e-18 -6.07153e-18 0.0059004 -2.60209e-18 -7.80626e-18 -0.00422665 1.51788e-18 

	ID : 6 7 8 75 76 80 


 Node: 330
	Coordinates  : 10 10 0 
	Disps: 0 0 0 0 0 0 
	Velocities   : 0 0 0 0 0 0 
	commitAccels: 0 0 0 0 0 0 
	Mass : 
0 0 0 0 0 0 
0 0 0 0 0 0 
0 0 0 0 0 0 
0 0 0 0 0 0 
0 0 0 0 0 0 
0 0 0 0 0 0 

	 Rayleigh Factor: alphaM: 0
	 Rayleigh Forces: 0 0 0 0 0 0 
	 Eigenvectors: 
0 0 0 0 0 0 0 
0 0 0 0 0 0 0 
0 0 0 0 0 0 0 
0 0 0 0 0 0 0 
0 0 0 0 0 0 0 
0 0 0 0 0 0 0 

	ID : -1 -1 -1 -1 -1 -1 


 Node: 331
	Coordinates  : 10 10 3 
	Disps: 0 0 0 0 0 0 
	Velocities   : 0 0 0 0 0 0 
	commitAccels: 0 0 0 0 0 0 
	Mass : 
60 0 0 0 0 0 
0 60 0 0 0 0 
0 0 0 0 0 0 
0 0 0 0 0 0 
0 0 0 0 0 0 
0 0 0 0 0 0 

	 Rayleigh Factor: alphaM: 0
	 Rayleigh Forces: 0 0 0 0 0 0 
	 Eigenvectors: 
0.00821178 0.000444607 -0.00881197 0.00377667 -0.0258428 -0.0233927 -0.00852975 
0.000444607 -0.00821178 0.00881197 -0.0258428 -0.00377667 0.0233927 -0.0320919 
-7.90268e-05 7.09089e-05 1.35525e-20 -9.03863e-05 -0.000121326 1.8423e-19 3.67177e-05 
-0.000226312 0.00417991 -0.00399109 0.00788822 0.00115278 -0.00638135 -0.00374897 
0.00417991 0.000226311 -0.00399109 0.00115279 -0.00788822 -0.00638135 0.000980378 
3.10183e-18 4.33681e-19 0.00176239 -1.04083e-17 1.38778e-17 0.00467853 4.33681e-18 

	ID : 12 13 14 93 94 98 


 Node: 332
	Coordinates  : 10 10 6 
	Disps: 0 0 0 0 0 0 
	Velocities   : 0 0 0 0 0 0 
	commitAccels: 0 0 0 0 0 0 
	Mass : 
60 0 0 0 0 0 
0 60 0 0 0 0 
0 0 0 0 0 0 
0 0 0 0 0 0 
0 0 0 0 0 0 
0 0 0 0 0 0 

	 Rayleigh Factor: alphaM: 0
	 Rayleigh Forces: 0 0 0 0 0 0 
	 Eigenvectors: 
0.0227785 0.00123329 -0.0209969 0.00372119 -0.0254632 -0.0198761 0.00665272 
0.00123329 -0.0227785 0.0209969 -0.0254632 -0.00372119 0.0198761 0.0250299 
-0.000130697 0.000117271 5.42101e-20 -0.000222334 -0.000298441 4.99749e-19 0.00010442 
-0.000242614 0.004481 -0.00327329 -0.00906173 -0.00132428 0.00844203 -0.00860165 
0.004481 0.000242612 -0.00327329 -0.00132428 0.00906173 0.00844203 0.00230971 
6.7661e-18 -8.67362e-19 0.00419939 -8.67362e-18 8.67362e-18 0.00397522 -1.30104e-18 

	ID : 3 4 5 87 88 92 


 Node: 333
	Coordinates  : 10 10 9 
	Disps: 0 0 0 0 0 0 
	Velocities   : 0 0 0 0 0 0 
	commitAccels: 0 0 0 0 0 0 
	Mass : 
60 0 0 0 0 0 
0 60 0 0 0 0 
0 0 0 0 0 0 
0 0 0 0 0 0 
0 0 0 0 0 0 
0 0 0 0 0 0 

	 Rayleigh Factor: alphaM: 0
	 Rayleigh Forces: 0 0 0 0 0 0 
	 Eigenvectors: 
0.0355008 0.00192211 -0.029502 -0.00326209 0.0223217 0.0211332 -0.00229575 
0.00192211 -0.0355008 0.029502 0.0223217 0.00326209 -0.0211332 -0.00863742 
-0.00015266 0.000136978 5.42101e-20 -0.00030558 -0.000410182 7.14896e-19 0.000236327 
-0.000188439 0.00348035 -0.00214926 -0.0163565 -0.00239037 0.0133899 0.0179012 
0.00348035 0.000188431 -0.00214926 -0.00239032 0.0163565 0.0133899 -0.00476293 
2.48689e-18 -6.07153e-18 0.0059004 -2.60209e-18 -7.80626e-18 -0.00422665 1.51788e-18 

	ID : 0 1 2 75 76 80 

